1.556550520800000191e+09 9.388211000000000000e+06
1.489457039400000095e+09 2.973190000000000000e+06
3.594434228000000119e+08 9.147420000000000000e+06
2.934744780000000000e+08 1.811570000000000000e+06
2.319547494000000060e+08 8.358140000000000000e+06
2.208951998000000119e+08 7.708800000000000000e+05
2.154627607000000179e+08 9.107700000000000000e+05
1.830049639000000060e+08 1.301700000000000000e+05
1.583611799000000060e+08 1.637687000000000000e+07
1.438349814000000060e+08 1.943950000000000000e+06
1.399038652000000179e+08 3.645550000000000000e+05
1.182883702000000030e+08 1.000000000000000000e+06
1.171632814000000060e+08 2.981700000000000000e+05
1.093133151000000089e+08 9.954500000000000000e+05
1.061402606000000089e+08 3.100700000000000000e+05
9.240548790000000596e+07 2.267050000000000000e+06
9.052280270000000298e+07 3.485600000000000000e+05
9.021290850000000000e+07 1.628550000000000000e+06
9.010855810000000894e+07 7.696300000000000000e+05
7.610149030000001192e+07 5.108900000000000000e+05
7.323085440000000596e+07 2.419300000000000000e+05
7.175659810000000894e+07 5.475570000000000000e+05
6.522006590000000596e+07 2.941400000000000000e+05
